{
 "cells": [
  {
   "cell_type": "code",
   "execution_count": 1,
   "id": "4c878269",
   "metadata": {},
   "outputs": [],
   "source": [
    "import numpy as np"
   ]
  },
  {
   "cell_type": "markdown",
   "id": "e9f4ca3a",
   "metadata": {},
   "source": [
    "## Q1"
   ]
  },
  {
   "cell_type": "code",
   "execution_count": 2,
   "id": "eb428af0",
   "metadata": {},
   "outputs": [
    {
     "data": {
      "text/plain": [
       "array([[ 1.  ,  1.  ,  1.  ,  1.  ],\n",
       "       [ 0.14,  0.2 ,  0.2 ,  0.1 ],\n",
       "       [ 0.45, -0.55,  0.  ,  0.  ],\n",
       "       [ 0.25, -0.75,  0.25,  0.25]])"
      ]
     },
     "execution_count": 2,
     "metadata": {},
     "output_type": "execute_result"
    }
   ],
   "source": [
    "A = np.array([[1, 1, 1, 1], [0.14, 0.2, 0.2, 0.1], [0.45, -0.55, 0, 0], [0.25, -0.75, 0.25, 0.25]])\n",
    "A"
   ]
  },
  {
   "cell_type": "code",
   "execution_count": 3,
   "id": "7237aae5",
   "metadata": {},
   "outputs": [
    {
     "data": {
      "text/plain": [
       "array([250. ,  37.5,   0. ,   0. ])"
      ]
     },
     "execution_count": 3,
     "metadata": {},
     "output_type": "execute_result"
    }
   ],
   "source": [
    "b = np.array([250, 37.5, 0, 0])\n",
    "b"
   ]
  },
  {
   "cell_type": "code",
   "execution_count": 4,
   "id": "b26d3a32",
   "metadata": {},
   "outputs": [
    {
     "data": {
      "text/plain": [
       "array([76.38888889, 62.5       , 31.94444444, 79.16666667])"
      ]
     },
     "execution_count": 4,
     "metadata": {},
     "output_type": "execute_result"
    }
   ],
   "source": [
    "x = np.linalg.solve(A, b)\n",
    "x"
   ]
  },
  {
   "cell_type": "code",
   "execution_count": 5,
   "id": "aa52f7cf",
   "metadata": {},
   "outputs": [
    {
     "name": "stdout",
     "output_type": "stream",
     "text": [
      "250.0\n"
     ]
    },
    {
     "data": {
      "text/plain": [
       "array([2.50000000e+02, 3.75000000e+01, 1.42108547e-14, 7.10542736e-15])"
      ]
     },
     "execution_count": 5,
     "metadata": {},
     "output_type": "execute_result"
    }
   ],
   "source": [
    "# check 1\n",
    "print(np.sum(x))\n",
    "\n",
    "# check 2\n",
    "A @ x"
   ]
  },
  {
   "cell_type": "markdown",
   "id": "7b8afadf",
   "metadata": {},
   "source": [
    "## Q2"
   ]
  },
  {
   "cell_type": "code",
   "execution_count": 6,
   "id": "737e1422",
   "metadata": {},
   "outputs": [
    {
     "data": {
      "text/plain": [
       "array([[ 1, -1,  0,  0,  0],\n",
       "       [ 1,  0, -1,  0,  0],\n",
       "       [ 1,  0,  0, -1,  0],\n",
       "       [ 1,  0,  0,  0, -1],\n",
       "       [ 0,  1, -1,  0,  0],\n",
       "       [ 0,  1,  0, -1,  0],\n",
       "       [ 0,  1,  0,  0, -1],\n",
       "       [ 0,  0,  1, -1,  0],\n",
       "       [ 0,  0,  1,  0, -1],\n",
       "       [ 0,  0,  0,  1, -1]], dtype=int64)"
      ]
     },
     "execution_count": 6,
     "metadata": {},
     "output_type": "execute_result"
    }
   ],
   "source": [
    "import pandas as pd\n",
    "data = pd.read_excel('hw-1-q2.xlsx')\n",
    "x = data.iloc[:, 0:5].values\n",
    "x"
   ]
  },
  {
   "cell_type": "code",
   "execution_count": 7,
   "id": "881e20ca",
   "metadata": {},
   "outputs": [
    {
     "data": {
      "text/plain": [
       "array([-45,  -3, -31, -45,  18,   8,  20,   2, -27, -38], dtype=int64)"
      ]
     },
     "execution_count": 7,
     "metadata": {},
     "output_type": "execute_result"
    }
   ],
   "source": [
    "y = data.iloc[:, 5].values\n",
    "y"
   ]
  },
  {
   "cell_type": "code",
   "execution_count": 8,
   "id": "0399e9aa",
   "metadata": {},
   "outputs": [
    {
     "data": {
      "text/plain": [
       "array([[ 4, -1, -1, -1, -1],\n",
       "       [-1,  4, -1, -1, -1],\n",
       "       [-1, -1,  4, -1, -1],\n",
       "       [-1, -1, -1,  4, -1],\n",
       "       [-1, -1, -1, -1,  4]], dtype=int64)"
      ]
     },
     "execution_count": 8,
     "metadata": {},
     "output_type": "execute_result"
    }
   ],
   "source": [
    "m = x.T @ x\n",
    "m"
   ]
  },
  {
   "cell_type": "code",
   "execution_count": 9,
   "id": "fa85da74",
   "metadata": {},
   "outputs": [
    {
     "data": {
      "text/plain": [
       "array([-124,   91,  -40,  -17,   90], dtype=int64)"
      ]
     },
     "execution_count": 9,
     "metadata": {},
     "output_type": "execute_result"
    }
   ],
   "source": [
    "p = x.T @ y\n",
    "p"
   ]
  },
  {
   "cell_type": "code",
   "execution_count": 10,
   "id": "ffddfeed",
   "metadata": {},
   "outputs": [],
   "source": [
    "m[4,] = [1, 1, 1, 1, 1]\n",
    "p[4] = 0"
   ]
  },
  {
   "cell_type": "code",
   "execution_count": 11,
   "id": "8e2c0eef",
   "metadata": {},
   "outputs": [
    {
     "data": {
      "text/plain": [
       "array([-24.8,  18.2,  -8. ,  -3.4,  18. ])"
      ]
     },
     "execution_count": 11,
     "metadata": {},
     "output_type": "execute_result"
    }
   ],
   "source": [
    "r = np.linalg.solve(m, p)\n",
    "r"
   ]
  },
  {
   "cell_type": "code",
   "execution_count": 12,
   "id": "e28ec8f9",
   "metadata": {},
   "outputs": [
    {
     "data": {
      "text/plain": [
       "array([-24.8,  -8. ,  -3.4,  18. ,  18.2])"
      ]
     },
     "execution_count": 12,
     "metadata": {},
     "output_type": "execute_result"
    }
   ],
   "source": [
    "r[r.argsort()]"
   ]
  },
  {
   "cell_type": "code",
   "execution_count": 13,
   "id": "a428a84c",
   "metadata": {},
   "outputs": [
    {
     "data": {
      "text/plain": [
       "array([0, 2, 3, 4, 1], dtype=int64)"
      ]
     },
     "execution_count": 13,
     "metadata": {},
     "output_type": "execute_result"
    }
   ],
   "source": [
    "r.argsort()"
   ]
  },
  {
   "cell_type": "markdown",
   "id": "182d1f6e",
   "metadata": {},
   "source": [
    "## Q3"
   ]
  },
  {
   "cell_type": "code",
   "execution_count": 14,
   "id": "16271399",
   "metadata": {},
   "outputs": [],
   "source": [
    "def lehmer_entry(i, j):\n",
    "    if j>=i:\n",
    "        return i/j\n",
    "    else:\n",
    "        return j/i"
   ]
  },
  {
   "cell_type": "code",
   "execution_count": 15,
   "id": "cc91d323",
   "metadata": {},
   "outputs": [],
   "source": [
    "n = 20\n",
    "A = np.zeros((n, n))\n",
    "for i in range(n):\n",
    "    for j in range(n):\n",
    "        A[i, j] = lehmer_entry(i+1, j+1)"
   ]
  },
  {
   "cell_type": "code",
   "execution_count": 16,
   "id": "8e309b87",
   "metadata": {
    "scrolled": true
   },
   "outputs": [
    {
     "data": {
      "text/plain": [
       "array([[1.        , 0.5       , 0.33333333, 0.25      , 0.2       ,\n",
       "        0.16666667, 0.14285714, 0.125     , 0.11111111, 0.1       ,\n",
       "        0.09090909, 0.08333333, 0.07692308, 0.07142857, 0.06666667,\n",
       "        0.0625    , 0.05882353, 0.05555556, 0.05263158, 0.05      ],\n",
       "       [0.5       , 1.        , 0.66666667, 0.5       , 0.4       ,\n",
       "        0.33333333, 0.28571429, 0.25      , 0.22222222, 0.2       ,\n",
       "        0.18181818, 0.16666667, 0.15384615, 0.14285714, 0.13333333,\n",
       "        0.125     , 0.11764706, 0.11111111, 0.10526316, 0.1       ],\n",
       "       [0.33333333, 0.66666667, 1.        , 0.75      , 0.6       ,\n",
       "        0.5       , 0.42857143, 0.375     , 0.33333333, 0.3       ,\n",
       "        0.27272727, 0.25      , 0.23076923, 0.21428571, 0.2       ,\n",
       "        0.1875    , 0.17647059, 0.16666667, 0.15789474, 0.15      ],\n",
       "       [0.25      , 0.5       , 0.75      , 1.        , 0.8       ,\n",
       "        0.66666667, 0.57142857, 0.5       , 0.44444444, 0.4       ,\n",
       "        0.36363636, 0.33333333, 0.30769231, 0.28571429, 0.26666667,\n",
       "        0.25      , 0.23529412, 0.22222222, 0.21052632, 0.2       ],\n",
       "       [0.2       , 0.4       , 0.6       , 0.8       , 1.        ,\n",
       "        0.83333333, 0.71428571, 0.625     , 0.55555556, 0.5       ,\n",
       "        0.45454545, 0.41666667, 0.38461538, 0.35714286, 0.33333333,\n",
       "        0.3125    , 0.29411765, 0.27777778, 0.26315789, 0.25      ],\n",
       "       [0.16666667, 0.33333333, 0.5       , 0.66666667, 0.83333333,\n",
       "        1.        , 0.85714286, 0.75      , 0.66666667, 0.6       ,\n",
       "        0.54545455, 0.5       , 0.46153846, 0.42857143, 0.4       ,\n",
       "        0.375     , 0.35294118, 0.33333333, 0.31578947, 0.3       ],\n",
       "       [0.14285714, 0.28571429, 0.42857143, 0.57142857, 0.71428571,\n",
       "        0.85714286, 1.        , 0.875     , 0.77777778, 0.7       ,\n",
       "        0.63636364, 0.58333333, 0.53846154, 0.5       , 0.46666667,\n",
       "        0.4375    , 0.41176471, 0.38888889, 0.36842105, 0.35      ],\n",
       "       [0.125     , 0.25      , 0.375     , 0.5       , 0.625     ,\n",
       "        0.75      , 0.875     , 1.        , 0.88888889, 0.8       ,\n",
       "        0.72727273, 0.66666667, 0.61538462, 0.57142857, 0.53333333,\n",
       "        0.5       , 0.47058824, 0.44444444, 0.42105263, 0.4       ],\n",
       "       [0.11111111, 0.22222222, 0.33333333, 0.44444444, 0.55555556,\n",
       "        0.66666667, 0.77777778, 0.88888889, 1.        , 0.9       ,\n",
       "        0.81818182, 0.75      , 0.69230769, 0.64285714, 0.6       ,\n",
       "        0.5625    , 0.52941176, 0.5       , 0.47368421, 0.45      ],\n",
       "       [0.1       , 0.2       , 0.3       , 0.4       , 0.5       ,\n",
       "        0.6       , 0.7       , 0.8       , 0.9       , 1.        ,\n",
       "        0.90909091, 0.83333333, 0.76923077, 0.71428571, 0.66666667,\n",
       "        0.625     , 0.58823529, 0.55555556, 0.52631579, 0.5       ],\n",
       "       [0.09090909, 0.18181818, 0.27272727, 0.36363636, 0.45454545,\n",
       "        0.54545455, 0.63636364, 0.72727273, 0.81818182, 0.90909091,\n",
       "        1.        , 0.91666667, 0.84615385, 0.78571429, 0.73333333,\n",
       "        0.6875    , 0.64705882, 0.61111111, 0.57894737, 0.55      ],\n",
       "       [0.08333333, 0.16666667, 0.25      , 0.33333333, 0.41666667,\n",
       "        0.5       , 0.58333333, 0.66666667, 0.75      , 0.83333333,\n",
       "        0.91666667, 1.        , 0.92307692, 0.85714286, 0.8       ,\n",
       "        0.75      , 0.70588235, 0.66666667, 0.63157895, 0.6       ],\n",
       "       [0.07692308, 0.15384615, 0.23076923, 0.30769231, 0.38461538,\n",
       "        0.46153846, 0.53846154, 0.61538462, 0.69230769, 0.76923077,\n",
       "        0.84615385, 0.92307692, 1.        , 0.92857143, 0.86666667,\n",
       "        0.8125    , 0.76470588, 0.72222222, 0.68421053, 0.65      ],\n",
       "       [0.07142857, 0.14285714, 0.21428571, 0.28571429, 0.35714286,\n",
       "        0.42857143, 0.5       , 0.57142857, 0.64285714, 0.71428571,\n",
       "        0.78571429, 0.85714286, 0.92857143, 1.        , 0.93333333,\n",
       "        0.875     , 0.82352941, 0.77777778, 0.73684211, 0.7       ],\n",
       "       [0.06666667, 0.13333333, 0.2       , 0.26666667, 0.33333333,\n",
       "        0.4       , 0.46666667, 0.53333333, 0.6       , 0.66666667,\n",
       "        0.73333333, 0.8       , 0.86666667, 0.93333333, 1.        ,\n",
       "        0.9375    , 0.88235294, 0.83333333, 0.78947368, 0.75      ],\n",
       "       [0.0625    , 0.125     , 0.1875    , 0.25      , 0.3125    ,\n",
       "        0.375     , 0.4375    , 0.5       , 0.5625    , 0.625     ,\n",
       "        0.6875    , 0.75      , 0.8125    , 0.875     , 0.9375    ,\n",
       "        1.        , 0.94117647, 0.88888889, 0.84210526, 0.8       ],\n",
       "       [0.05882353, 0.11764706, 0.17647059, 0.23529412, 0.29411765,\n",
       "        0.35294118, 0.41176471, 0.47058824, 0.52941176, 0.58823529,\n",
       "        0.64705882, 0.70588235, 0.76470588, 0.82352941, 0.88235294,\n",
       "        0.94117647, 1.        , 0.94444444, 0.89473684, 0.85      ],\n",
       "       [0.05555556, 0.11111111, 0.16666667, 0.22222222, 0.27777778,\n",
       "        0.33333333, 0.38888889, 0.44444444, 0.5       , 0.55555556,\n",
       "        0.61111111, 0.66666667, 0.72222222, 0.77777778, 0.83333333,\n",
       "        0.88888889, 0.94444444, 1.        , 0.94736842, 0.9       ],\n",
       "       [0.05263158, 0.10526316, 0.15789474, 0.21052632, 0.26315789,\n",
       "        0.31578947, 0.36842105, 0.42105263, 0.47368421, 0.52631579,\n",
       "        0.57894737, 0.63157895, 0.68421053, 0.73684211, 0.78947368,\n",
       "        0.84210526, 0.89473684, 0.94736842, 1.        , 0.95      ],\n",
       "       [0.05      , 0.1       , 0.15      , 0.2       , 0.25      ,\n",
       "        0.3       , 0.35      , 0.4       , 0.45      , 0.5       ,\n",
       "        0.55      , 0.6       , 0.65      , 0.7       , 0.75      ,\n",
       "        0.8       , 0.85      , 0.9       , 0.95      , 1.        ]])"
      ]
     },
     "execution_count": 16,
     "metadata": {},
     "output_type": "execute_result"
    }
   ],
   "source": [
    "A"
   ]
  },
  {
   "cell_type": "markdown",
   "id": "d708cfe6",
   "metadata": {},
   "source": [
    "## Q4"
   ]
  },
  {
   "cell_type": "code",
   "execution_count": 17,
   "id": "1e43d3c3",
   "metadata": {},
   "outputs": [
    {
     "data": {
      "text/plain": [
       "array([[ 1.33333333e+00, -6.66666667e-01,  0.00000000e+00,\n",
       "        -1.79750394e-16,  1.11022302e-16,  6.05576195e-17,\n",
       "        -6.68980540e-17, -3.70074342e-17, -1.11022302e-16,\n",
       "         1.85037171e-16, -8.54695503e-17,  1.27112491e-16,\n",
       "         4.51490697e-17, -7.40148683e-17,  7.40148683e-17,\n",
       "        -3.58136460e-17, -2.22044605e-16,  5.55111512e-17,\n",
       "        -6.35768741e-17,  8.44528626e-17],\n",
       "       [-6.66666667e-01,  2.13333333e+00, -1.20000000e+00,\n",
       "         2.96059473e-16, -6.26659218e-16,  3.10862447e-16,\n",
       "        -6.26279655e-17,  1.18423789e-16,  1.75023394e-16,\n",
       "        -3.70074342e-16, -2.36142675e-17,  7.01532230e-17,\n",
       "         1.16647432e-16, -2.37669966e-16,  4.29286236e-16,\n",
       "        -1.43254584e-16,  4.87152406e-16, -3.99680289e-16,\n",
       "         3.01942706e-16, -1.49547990e-16],\n",
       "       [-1.75550480e-32, -1.20000000e+00,  3.08571429e+00,\n",
       "        -1.71428571e+00,  1.27305573e-15, -1.01996333e-15,\n",
       "         4.57509488e-16, -4.88498131e-16,  3.08436750e-16,\n",
       "        -1.95332472e-16,  1.26497452e-15, -1.53541776e-15,\n",
       "         1.81569046e-16,  7.98831900e-16, -1.52308379e-15,\n",
       "         1.68835760e-16, -4.45242688e-16,  3.79619116e-16,\n",
       "        -2.90244019e-16,  2.28388736e-16],\n",
       "       [ 2.27839114e-32, -1.17483918e-16, -1.71428571e+00,\n",
       "         4.06349206e+00, -2.22222222e+00,  3.54809976e-15,\n",
       "        -8.11181267e-16, -5.46065251e-16,  8.29298244e-16,\n",
       "        -1.50292848e-15, -1.39503761e-15,  3.64036690e-15,\n",
       "        -1.75041639e-15,  3.47752397e-16,  5.68176534e-16,\n",
       "         5.68470571e-18, -4.24010140e-16,  6.04597644e-16,\n",
       "         5.47294313e-16, -7.70875246e-16],\n",
       "       [-1.11572392e-32, -4.46705897e-16,  8.97149919e-16,\n",
       "        -2.22222222e+00,  5.05050505e+00, -2.72727273e+00,\n",
       "        -3.32117999e-16,  2.84919862e-15, -2.67100002e-15,\n",
       "         3.43130332e-15, -4.12795766e-16, -3.09858029e-15,\n",
       "         2.19667158e-15, -2.84097474e-15,  2.86556258e-15,\n",
       "        -9.03842368e-16,  2.28688272e-15, -2.41465173e-15,\n",
       "        -1.88343973e-16,  8.82628742e-16],\n",
       "       [ 3.80029653e-32,  5.34149259e-16, -1.30431796e-15,\n",
       "         2.94775859e-15, -2.72727273e+00,  6.04195804e+00,\n",
       "        -3.23076923e+00, -3.74188415e-15,  2.15459078e-15,\n",
       "        -3.34685046e-15,  8.62446977e-16,  3.44773364e-15,\n",
       "        -2.33379749e-15,  2.91573724e-15, -4.30457053e-15,\n",
       "         4.15503409e-15, -7.21327356e-15,  5.04378244e-15,\n",
       "        -1.01442971e-15, -3.29662781e-16],\n",
       "       [-3.93192590e-32, -1.82000663e-16,  5.42016574e-16,\n",
       "        -7.52446538e-16, -8.23652637e-17, -3.23076923e+00,\n",
       "         7.03589744e+00, -3.73333333e+00, -1.55782878e-15,\n",
       "         6.15159445e-15, -1.75396260e-15, -5.43454789e-15,\n",
       "         1.15337939e-15,  1.48139388e-15,  1.27670740e-15,\n",
       "        -4.99218349e-15,  7.83001394e-15, -3.00263395e-15,\n",
       "        -3.42388109e-15,  2.86111992e-15],\n",
       "       [-1.07421071e-31, -2.32203508e-18,  3.48305263e-18,\n",
       "        -2.16227907e-15,  4.94361269e-15, -8.41804062e-15,\n",
       "        -3.73333333e+00,  8.03137255e+00, -4.23529412e+00,\n",
       "        -1.45349619e-14,  8.69486037e-15,  3.53257255e-15,\n",
       "        -7.00650866e-15,  6.03161513e-15, -3.13054368e-15,\n",
       "         1.07907217e-15, -1.04291039e-15, -3.03082060e-15,\n",
       "         8.17490313e-15, -5.82000232e-15],\n",
       "       [ 2.39353926e-31,  8.55868524e-17, -1.28380279e-16,\n",
       "         1.84496381e-15, -2.37580853e-15,  2.32012552e-15,\n",
       "        -4.27676470e-15, -4.23529412e+00,  9.02786378e+00,\n",
       "        -4.73684211e+00, -1.37912091e-14, -2.91717115e-15,\n",
       "         1.83385196e-14, -1.37933467e-14, -6.76836616e-16,\n",
       "         7.45912869e-15, -6.24259065e-15,  2.58415998e-15,\n",
       "        -1.97357412e-15,  2.53056288e-15],\n",
       "       [ 7.26931742e-17, -2.35818048e-16, -3.00511495e-16,\n",
       "         5.17547575e-16, -1.50255748e-15,  5.93867955e-15,\n",
       "        -8.29432596e-15, -2.49776993e-15, -4.73684211e+00,\n",
       "         1.00250627e+01, -5.23809524e+00, -4.87925351e-15,\n",
       "        -8.60664923e-15, -1.98197431e-15,  1.53882611e-14,\n",
       "        -1.38324149e-14,  5.89091909e-15,  3.13025287e-15,\n",
       "        -5.10584156e-15,  1.64175452e-15],\n",
       "       [-1.52971723e-16, -6.82683723e-17,  1.71808737e-15,\n",
       "        -3.86247280e-15,  3.51961386e-15, -6.66429349e-15,\n",
       "         1.60582382e-14, -5.50866767e-15, -1.57168964e-14,\n",
       "        -5.23809524e+00,  1.10227743e+01, -5.73913043e+00,\n",
       "        -7.87179845e-15,  8.19707430e-15, -3.34122677e-15,\n",
       "        -4.04985602e-15,  4.00147671e-15, -7.50528408e-15,\n",
       "         7.01731442e-15, -8.68946813e-16],\n",
       "       [ 7.96464344e-17,  2.70508253e-16, -1.36325733e-15,\n",
       "         3.57487952e-15, -3.54711429e-15,  6.03955809e-15,\n",
       "        -1.59003245e-14,  1.12708554e-14,  7.38284796e-15,\n",
       "        -1.03223885e-14, -5.73913043e+00,  1.20208696e+01,\n",
       "        -6.24000000e+00,  2.17843003e-14, -1.84278779e-14,\n",
       "         1.69278336e-14, -1.69050193e-14,  1.19239675e-14,\n",
       "         1.54133117e-15, -5.57877044e-15],\n",
       "       [-3.30503966e-31,  6.69971623e-17, -3.82739108e-16,\n",
       "         6.50015021e-17,  2.23442664e-16, -5.90786679e-15,\n",
       "         1.33771595e-14, -1.30834529e-14,  9.34695942e-15,\n",
       "        -9.40927844e-15,  1.43188616e-14, -6.24000000e+00,\n",
       "         1.30192593e+01, -6.74074074e+00,  1.34039687e-14,\n",
       "        -5.33275800e-15,  1.99130599e-14, -7.23731163e-15,\n",
       "        -1.28816573e-14,  6.41994003e-15],\n",
       "       [ 6.24041074e-31, -1.92386668e-16,  5.69219710e-16,\n",
       "        -1.54756299e-15,  2.61930395e-15,  3.12904236e-15,\n",
       "        -9.30775961e-15,  1.29905389e-14, -1.68882079e-14,\n",
       "         2.85388545e-14, -4.42161798e-14,  3.05102681e-14,\n",
       "        -6.74074074e+00,  1.40178799e+01, -7.24137931e+00,\n",
       "        -3.91382134e-15, -2.25510319e-15, -1.15890713e-14,\n",
       "         2.12682768e-14, -7.06665663e-15],\n",
       "       [-4.26155771e-31,  1.38314771e-16, -2.07472156e-16,\n",
       "         2.35925480e-15, -5.75704359e-15,  3.09646900e-15,\n",
       "        -5.40446442e-16, -4.84719174e-15,  1.40766153e-14,\n",
       "        -2.38946625e-14,  2.95240288e-14, -4.91777407e-15,\n",
       "        -1.12611864e-14, -7.24137931e+00,  1.50166852e+01,\n",
       "        -7.74193548e+00,  1.52090113e-15,  1.12287295e-15,\n",
       "        -2.02806882e-14,  1.74199664e-14],\n",
       "       [ 5.71933073e-17, -7.20396915e-16,  1.25217529e-15,\n",
       "        -2.91839975e-15,  6.76885144e-15, -4.75654830e-15,\n",
       "         6.33901533e-16,  3.67127252e-15, -1.40747195e-14,\n",
       "         8.84216227e-15,  6.12999387e-15, -1.50070697e-14,\n",
       "         9.18007621e-15,  1.64412273e-14, -7.74193548e+00,\n",
       "         1.60156403e+01, -8.24242424e+00,  3.93208559e-14,\n",
       "         1.44776756e-14, -1.91699611e-14],\n",
       "       [-1.18063327e-16,  1.33750634e-15, -2.36044950e-15,\n",
       "         1.28178372e-15, -2.74337231e-15, -2.16517521e-15,\n",
       "         1.16073817e-14, -1.17070161e-14,  1.58418925e-14,\n",
       "        -1.15625555e-14,  1.29003590e-14, -1.57529223e-14,\n",
       "        -1.21028042e-14,  1.12122849e-14,  1.09159555e-14,\n",
       "        -8.24242424e+00,  1.70147186e+01, -8.74285714e+00,\n",
       "        -7.41967230e-15,  2.65041747e-15],\n",
       "       [ 6.06657581e-17, -6.88059648e-16,  1.02167309e-15,\n",
       "         4.62410033e-16,  1.72834720e-16,  4.35173133e-15,\n",
       "        -9.90694013e-15,  7.24208338e-15, -1.11538578e-14,\n",
       "         1.96951616e-14, -4.05545610e-14,  4.37337128e-14,\n",
       "        -2.44426652e-15, -1.07675001e-14, -4.03468764e-14,\n",
       "         9.56625649e-14, -8.74285714e+00,  1.80138996e+01,\n",
       "        -9.24324324e+00,  1.35640101e-14],\n",
       "       [-4.25828553e-31,  8.96590366e-17,  2.61302491e-16,\n",
       "        -4.08435894e-16,  1.00622777e-16, -4.27669428e-15,\n",
       "         3.71122629e-15,  2.41916973e-15, -2.88010164e-15,\n",
       "        -3.90734436e-15,  2.35990868e-14, -2.79410093e-14,\n",
       "         1.77472684e-14, -2.52976870e-14,  6.76497531e-14,\n",
       "        -8.65138045e-14,  1.49054900e-14, -9.24324324e+00,\n",
       "         1.90131670e+01, -9.74358974e+00],\n",
       "       [ 6.09493727e-32, -1.04379942e-16, -4.62592927e-17,\n",
       "        -7.11681426e-17, -2.60949856e-16,  3.31440207e-15,\n",
       "        -2.53002747e-15, -2.60317251e-15,  6.08629956e-15,\n",
       "        -5.43983403e-15, -2.84672570e-15,  6.72703182e-15,\n",
       "        -1.29973362e-14,  2.44287022e-14, -3.38902695e-14,\n",
       "         3.40133485e-14, -3.20414793e-15, -2.49343206e-14,\n",
       "        -9.74358974e+00,  1.02564103e+01]])"
      ]
     },
     "execution_count": 17,
     "metadata": {},
     "output_type": "execute_result"
    }
   ],
   "source": [
    "C = np.linalg.inv(A)\n",
    "C"
   ]
  },
  {
   "cell_type": "code",
   "execution_count": 18,
   "id": "29b6bb49",
   "metadata": {},
   "outputs": [
    {
     "data": {
      "text/plain": [
       "array([ 1,  2,  3,  4,  5,  6,  7,  8,  9, 10, 10,  9,  8,  7,  6,  5,  4,\n",
       "        3,  2,  1])"
      ]
     },
     "execution_count": 18,
     "metadata": {},
     "output_type": "execute_result"
    }
   ],
   "source": [
    "d = np.array([1, 2, 3, 4, 5, 6, 7, 8, 9, 10, 10, 9, 8, 7, 6, 5, 4, 3, 2, 1])\n",
    "d"
   ]
  },
  {
   "cell_type": "code",
   "execution_count": 19,
   "id": "9a998430",
   "metadata": {},
   "outputs": [
    {
     "data": {
      "text/plain": [
       "array([-8.35319973e-17,  1.77635684e-15, -6.21724894e-15,  0.00000000e+00,\n",
       "        0.00000000e+00, -7.10542736e-15,  2.48689958e-14, -1.42108547e-14,\n",
       "       -2.13162821e-14,  5.23809524e+00,  6.19461698e+00,  8.76521739e-01,\n",
       "        8.08888889e-01,  7.50957854e-01,  7.00778643e-01,  6.56891496e-01,\n",
       "        6.18181818e-01,  5.83783784e-01,  5.53014553e-01, -9.23076923e+00])"
      ]
     },
     "execution_count": 19,
     "metadata": {},
     "output_type": "execute_result"
    }
   ],
   "source": [
    "Cd = C @ d\n",
    "Cd"
   ]
  },
  {
   "cell_type": "code",
   "execution_count": 20,
   "id": "ce95b87e",
   "metadata": {},
   "outputs": [
    {
     "data": {
      "text/plain": [
       "array([-1.77635684e-15,  1.20792265e-14, -1.53219363e-14,  1.36242478e-15,\n",
       "        2.51079715e-14, -1.35680590e-13,  2.47005055e-13, -8.34890683e-14,\n",
       "       -2.48120301e+01,  2.00642393e+01,  3.58137507e+01, -3.00626280e+01,\n",
       "       -3.73699569e-04, -2.77204400e-04, -2.09968770e-04, -1.61954092e-04,\n",
       "       -1.26922825e-04, -1.00877939e-04,  9.50593309e+01, -1.00062903e+02])"
      ]
     },
     "execution_count": 20,
     "metadata": {},
     "output_type": "execute_result"
    }
   ],
   "source": [
    "x = np.linalg.solve(A, Cd)\n",
    "x"
   ]
  },
  {
   "cell_type": "code",
   "execution_count": 21,
   "id": "9bd42a11",
   "metadata": {},
   "outputs": [
    {
     "data": {
      "text/plain": [
       "20.06423927313163"
      ]
     },
     "execution_count": 21,
     "metadata": {},
     "output_type": "execute_result"
    }
   ],
   "source": [
    "x[9]"
   ]
  },
  {
   "cell_type": "code",
   "execution_count": null,
   "id": "394f60a0",
   "metadata": {},
   "outputs": [],
   "source": []
  },
  {
   "cell_type": "code",
   "execution_count": null,
   "id": "884cd620",
   "metadata": {},
   "outputs": [],
   "source": []
  },
  {
   "cell_type": "code",
   "execution_count": null,
   "id": "2c5470ad",
   "metadata": {},
   "outputs": [],
   "source": []
  }
 ],
 "metadata": {
  "kernelspec": {
   "display_name": "Python 3",
   "language": "python",
   "name": "python3"
  },
  "language_info": {
   "codemirror_mode": {
    "name": "ipython",
    "version": 3
   },
   "file_extension": ".py",
   "mimetype": "text/x-python",
   "name": "python",
   "nbconvert_exporter": "python",
   "pygments_lexer": "ipython3",
   "version": "3.8.8"
  }
 },
 "nbformat": 4,
 "nbformat_minor": 5
}
